mittel
1 1 1
1 1 1
1 1 1
9
0

gauss
1 2 1
2 4 2
1 2 1
16
0

sobel_y
-1 -2 -1
0 0 0
1 2 1
1
127

dxy
1 0 -1
0 0 0
-1 0 1
1
127

sobel_x
-1 0 1
-2 0 2
-1 0 1
1
127

sobel_d1
2 1 0
1 0 -1
0 -1 -2
1
127

sobel_d2
0 1 2
-1 0 1
-2 -1 0
1
127

prewitt_x
-1 0 1
-1 0 1
-1 0 1
1
127

prewitt_y
-1 -1 -1
0 0 0
1 1 1
1
127

prewitt_d1
1 1 0
1 0 -1
0 -1 -1
1
127

prewitt_d2
0 1 1
-1 0 1
-1 -1 0
1
127


laplace1
0 1 0
1 -4 1
0 1 0
1
127

laplace2
1 1 1
1 -8 1
1 1 1
1
127

laplace3
1 2 1
2 -12 2
1 2 1
1
127
 
umask1
0 -1 0
-1 5 -1
0 -1 0
1
0

umask2
-1 -1 -1
-1 9 -1
-1 -1 -1
1
0

umask3
-1 -2 -1
-2 13 -2
-1 -2 -1
1
0
 
test
0 0 0 
-1 0 1
0 0 0
1
127

vanmittel
-1 -1 -1
-1 8 -1
-1 -1 -1
9
0









